0 94
1 15103118
2 30206162
3 45309206
4 60412250
5 75515294
6 90618338
7 105721382
8 120824426
9 135927470
10 151030514
11 166133558
12 181236602
13 196339646
14 211442690
15 226545734
16 241648778
17 256751822
18 271854866
19 286957910
20 302060954
21 317163998
22 332267042
23 347370086
24 362473130
25 377576174
26 392679218
27 407782262
28 422885306
29 437988350
30 453091394
31 468194438
32 483297482
33 498400526
34 513503570
35 528606614
36 543709658
37 558812702
38 573915746
39 589018790
40 604121834
41 619224878
42 634327922
43 649430966
44 664534010
45 679637054
46 694740098
47 709843142
48 724946186
49 740049230
50 755152274
51 770255318
52 785358362
53 800461406
54 815564450
55 830667494
56 845770538
57 860873582
58 875976626
59 891079670
60 906182714
61 921285758
62 936388802
63 951491846
64 966594890
65 981697934
66 996800978
67 1011904022
68 1027007066
69 1042110110
70 1057213154
71 1072316198
72 1087419242
73 1102522286
74 1117625330
75 1132728374
76 1147831418
77 1162934462
78 1178037506
79 1193140550
80 1208243594
81 1223346638
82 1238449682
83 1253552726
84 1268655770
85 1283758814
86 1298861858
87 1313964902
88 1329067946
89 1344170990
90 1359274034
91 1374377078
92 1389480122
93 1404583166
94 1419686210
95 1434789254
96 1449892298
97 1464995342
98 1480098386
99 1495201430
100 1510304474
101 1525407518
102 1540510562
103 1555613606
104 1570716650
105 1585819694
106 1600922738
107 1616025782
108 1631128826
109 1646231870
110 1661334914
111 1676437958
112 1691541002
113 1706644046
114 1721747090
115 1736850134
116 1751953178
117 1767056222
118 1782159266
119 1797262310
120 1812365354
121 1827468398
122 1842571442
123 1857674486
124 1872777530
125 1887880574
126 1902983618
127 1918086662
128 1933189706
129 1948292750
130 1963395794
131 1978498838
132 1993601882
133 2008704926
134 2023807970
135 2038911014
136 2054014058
137 2069117102
138 2084220146
139 2099323190
140 2114426234
141 2129529278
142 2144632322
143 2159735366
144 2174838410
145 2189941454
146 2205044498
147 2220147542
148 2235250586
149 2250353630
150 2265456674
151 2280559718
152 2295662762
153 2310765806
154 2325868850
155 2340971894
156 2356074938
157 2371177982
158 2386281026
159 2401384070
160 2416487114
161 2431590158
162 2446693202
163 2461796246
164 2476899290
165 2492002334
166 2507105378
167 2522208422
168 2537311466
169 2552414510
170 2567517554
171 2582620598
172 2597723642
173 2612826686
174 2627929730
175 2643032774
176 2658135818
177 2673238862
178 2688341906
179 2703444950
180 2718547994
181 2733651038
182 2748754082
183 2763857126
184 2778960170
185 2794063214
186 2809166258
187 2824269302
188 2839372346
189 2854475390
190 2869578434
191 2884681478
192 2899784522
193 2914887566
194 2929990610
195 2945093654
196 2960196698
197 2975299742
198 2990402786
199 3005505830
200 3020608874
201 3035711918
202 3050814962
203 3065918006
204 3081021050
205 3096124094
206 3111227138
207 3126330182
208 3141433226
209 3156536270
210 3171639314
211 3186742358
212 3201845402
213 3216948446
214 3232051490
215 3247154534
216 3262257578
217 3277360622
218 3292463666
219 3307566710
220 3322669754
221 3337772798
222 3352875842
223 3367978886
224 3383081930
225 3398184974
226 3413288018
227 3428391062
228 3443494106
229 3458597150
230 3473700194
231 3488803238
232 3503906282
233 3519009326
234 3534112370
235 3549215414
236 3564318458
237 3579421502
238 3594524546
239 3609627590
240 3624730634
241 3639833678
242 3654936722
243 3670039766
244 3685142810
245 3700245854
246 3715348898
247 3730451942
248 3745554986
249 3760658030
250 3775761074
251 3790864118
252 3805967162
253 3821070206
254 3836173250
255 3851276294
256 3866379338
257 3881482382
258 3896585426
259 3911688470
260 3926791514
261 3941894558
262 3956997602
263 3972100646
264 3987203690
265 4002306734
266 4017409778
267 4032512822
268 4047615866
269 4062718910
270 4077821954
271 4092924998
272 4108028042
273 4123131086
274 4138234130
275 4153337174
276 4168440218
277 4183543262
278 4198646306
279 4213749350
280 4228852394
281 4243955438
282 4259058482
283 4274161526
284 4289264570
285 4304367614
286 4319470658
287 4334573702
